28294
28293
28292
27885
26893
26584
26575
26572
26493
26244
25964
25116
24479
24339
22655
24255
24239
23888
23883
23820
23621
23619
23605
23434
22945
22832
22690
22410
22364
21579
21490
21437
21312
21243
21223
21219
20889
20888
20462
20427
20304
20189
20187
20177
19859
19851
19546
19545
19544
19543
19527
19424
19423
19422
19227
19086
19041
19040
19038
19037
18952
18945
18902
18434
18334
18308
18307
18251
18245
18244
18190
18163
18162
18161
18159
18158
18155
18134
18132
17447
17016
16667
16663
16344
16268
16258
16199
16108
16085
15882
15881
15785
14901
14895
14859
14773
14757
14731
14566
14524
14042
12759
12590
11594
11164
10642
10476
10371
9526
9518
9470
9398
8870
8169
7464
7462
6107
3576
3575
3334
3333
